4294967279,100
4294967279,263
4294967279,102
4294967279,101
4294967279,574
4294967278,282
4294967279,105
4294967279,104
4294967279,103
4294967278,264
4294967279,111
4294967279,110
4294967279,109
4294967279,108
4294967279,107
4294967279,106
4294967279,256
4294967278,261
4294967279,255
4294967278,259
4294967279,531
4294967279,530
4294967279,529
4294967279,528
4,5
4294967279,527
4294967279,253
4294967279,119
4294967279,118
4294967279,117
4294967279,116
4294967279,115
4294967279,114
4294967279,113
4294967279,112
4294967278,260
4294967278,16
4294967278,15
4294967278,14
4294967278,13
4294967278,12
4294967278,11
4294967278,10
4294967278,9
4294967278,8
4294967278,7
4294967278,6
4294967278,5
4294967278,4
4294967279,132
4294967279,131
4294967279,130
4294967279,129
4294967279,128
4294967279,127
4294967279,126
4294967279,125
4294967279,124
4294967279,123
4294967279,122
4294967279,120
4294967279,250
4294967279,121
11,128
11,122
11,121
11,120
11,119
11,118
11,117
11,116
11,115
11,114
11,113
11,112
11,111
11,110
11,109
11,108
11,107
9,6
9,4
9,10
7,5
5,5
4294967278,380
4294967278,174
4294967278,220
4294967278,216
4294967278,210
4294967278,209
3,6
4294967278,207
4294967294,1418
4294967278,205
4294967278,204
4294967278,203
4294967278,202
4294967278,201
4294967278,200
3,4
3,5
2,4
2,5
4294967278,54
4294967278,53
4294967278,52
4294967278,51
4294967278,50
4294967278,49
4294967278,48
4294967278,47
4294967278,46
4294967278,45
4294967278,44
4294967278,43
4294967278,42
4294967278,41
4294967278,40
4294967278,39
4294967278,38
4294967278,37
4294967278,32
4294967278,31
4294967278,30
4294967278,29
4294967278,28
4294967278,27
4294967278,26
4294967278,25
4294967278,24
4294967278,23
4294967278,22
4294967278,21
4294967278,20
4294967278,19
4294967278,18
4294967278,17
4294967279,174
4294967279,88
4294967279,260
4294967278,315
13,7
13,5
4294967278,314
12,6
4294967278,313
4294967279,303
4294967278,306
4294967279,188
4294967279,185
4294967278,302
4294967279,184
4294967278,301
4294967279,297
4294967279,296
4294967278,299
4294967279,181
4294967278,298
4294967279,294
4294967279,293
4294967278,296
4294967279,292
4294967278,176
4294967279,291
4294967278,294
4294967279,176
4294967278,379
4294967279,175
12,4
12,5
13,8
4294967278,172
4294967294,473
13,6
13,4
4294967278,350
4294967279,573
4294967278,378
4294967278,36
4294967279,286
4294967278,377
4294967278,35
4294967279,572
4294967278,376
4294967278,34
4294967279,541
4294967278,33
4294967278,375
4294967279,540
4294967279,143
4294967294,5
4294967294,42
4294967294,99
4294967294,76
4294967294,424
4294967294,43
4294967294,51
4294967294,52
4294967279,140
4294967279,273
4294967279,137
4294967279,136
4294967279,135
4294967279,133
4294967279,284
4294967279,283
4294967279,270
4294967279,269
4294967279,281
4294967279,267
6,4
6,5
4294967279,266
5,4
4294967294,12
4294967294,470
4294967294,970
4294967294,82
6,6
5,6
4294967279,264
4294967279,282
4294967279,279
4294967278,374
4294967279,571
4294967279,278
4294967278,373
4294967279,570
4294967278,372
4294967279,277
4294967278,371
4294967279,275
4294967278,342
4294967278,370
4294967278,60
4294967278,59
4294967278,58
4294967278,57
4294967278,56
4294967278,55
4294967279,74
4294967279,73
4294967279,72
4294967279,68
4294967279,67
4294967279,66
4294967279,65
4294967279,64
4294967279,63
4294967279,60
4294967279,59
4294967279,58
4294967279,57
4294967279,56
4294967279,55
4294967279,54
4294967279,53
4294967279,52
4294967279,51
4294967279,50
4294967279,49
4294967279,48
4294967279,47
4294967279,44
4294967279,43
4294967279,41
4294967279,40
4294967279,39
4294967279,36
4294967279,34
4294967279,33
4294967279,32
4294967279,31
4294967279,30
4294967279,28
4294967279,27
4294967279,26
4294967279,24
4294967279,23
4294967279,20
4294967279,19
4294967279,18
4294967279,17
4294967279,16
4294967279,13
4294967279,12
4294967279,11
4294967279,569
4294967278,369
4294967278,368
4294967279,568
4294967279,567
4294967278,367
4294967278,366
4294967279,566
4294967278,365
4294967278,364
4294967278,0
4294967279,565
4294967278,252
4294967279,564
4294967278,251
4294967278,249
4294967278,247
4294967278,245
4294967278,243
4294967278,241
4294967278,239
4294967278,334
4294967278,333
4294967278,235
4294967278,233
4294967278,229
4294967278,227
4294967278,225
4294967278,223
4294967278,221
4294967278,219
4294967278,217
4294967278,215
4294967278,332
4294967278,331
4294967278,329
4294967278,328
4294967278,326
4294967278,325
4294967278,324
4294967278,322
4294967278,132
4294967278,131
4294967278,257
4294967278,130
4294967278,129
4294967278,128
4294967278,256
4294967278,127
4294967278,126
4294967278,125
4294967278,124
4294967278,123
4294967278,122
4294967278,121
4294967278,120
4294967278,119
4294967278,118
4294967278,117
4294967278,116
4294967278,115
4294967278,114
4294967278,113
4294967278,112
4294967278,111
4294967278,231
4294967278,110
4294967278,109
4294967278,108
4294967278,107
4294967278,106
4294967278,105
4294967278,104
4294967278,103
4294967278,102
4294967278,101
4294967278,100
4294967278,330
4294967278,99
4294967278,98
4294967278,97
4294967278,327
4294967278,96
4294967278,95
4294967278,94
4294967278,93
4294967278,323
4294967278,92
4294967278,91
4294967278,85
4294967278,83
4294967278,82
4294967278,81
4294967278,80
4294967278,311
4294967278,79
4294967278,78
4294967278,77
4294967278,76
4294967278,307
4294967278,75
4294967278,74
4294967278,73
4294967278,72
4294967278,71
4294967278,70
4294967278,69
4294967278,68
4294967278,67
4294967278,66
4294967278,65
4294967278,64
4294967278,63
4294967278,62
4294967278,61
4294967279,71
4294967279,70
4294967279,69
